6.0 33.0 54.0 65.0 95.0 26.0 78.0 38.0 73.0 47.0 41.0 30.0 93.0 32.0 68.0 44.0 
49.0 36.0 8.0 89.0 94.0 96.0 70.0 83.0 74.0 79.0 46.0 12.0 76.0 12.0 0.0 37.0 
46.0 0.0 26.0 76.0 60.0 31.0 42.0 21.0 46.0 10.0 68.0 15.0 22.0 56.0 89.0 69.0 
30.0 76.0 80.0 48.0 30.0 6.0 83.0 95.0 14.0 11.0 33.0 86.0 41.0 93.0 80.0 52.0 
74.0 31.0 83.0 80.0 5.0 5.0 89.0 64.0 40.0 56.0 96.0 61.0 59.0 8.0 50.0 44.0 
75.0 39.0 58.0 56.0 18.0 80.0 13.0 24.0 50.0 96.0 83.0 96.0 50.0 55.0 32.0 26.0 
32.0 80.0 6.0 49.0 71.0 3.0 3.0 86.0 62.0 29.0 76.0 47.0 43.0 57.0 6.0 34.0 
26.0 0.0 41.0 44.0 20.0 91.0 96.0 65.0 43.0 61.0 50.0 11.0 26.0 30.0 40.0 33.0 
6.0 12.0 15.0 34.0 7.0 1.0 51.0 5.0 2.0 50.0 14.0 21.0 38.0 89.0 20.0 83.0 
5.0 26.0 36.0 21.0 37.0 28.0 52.0 2.0 31.0 25.0 88.0 81.0 36.0 4.0 23.0 18.0 
78.0 72.0 14.0 73.0 96.0 63.0 69.0 44.0 12.0 82.0 93.0 47.0 65.0 32.0 34.0 22.0 
73.0 29.0 24.0 72.0 21.0 27.0 69.0 21.0 91.0 36.0 39.0 2.0 94.0 37.0 59.0 86.0 
8.0 85.0 14.0 25.0 66.0 16.0 37.0 33.0 73.0 28.0 4.0 48.0 87.0 3.0 43.0 10.0 
25.0 52.0 28.0 35.0 85.0 31.0 41.0 3.0 64.0 14.0 51.0 47.0 68.0 40.0 31.0 48.0 
62.0 10.0 88.0 68.0 20.0 58.0 52.0 32.0 6.0 99.0 2.0 56.0 45.0 26.0 29.0 35.0 
12.0 44.0 99.0 79.0 31.0 11.0 63.0 11.0 63.0 54.0 51.0 89.0 69.0 96.0 76.0 31.0 
