29016.000000 31680.000000 22050.000000 39910.000000 39608.000000 37776.000000 30047.000000 26399.000000 14490.000000 21165.000000 35888.000000 30717.000000 26022.000000 24455.000000 29613.000000 35816.000000 
30045.000000 32050.000000 33268.000000 29308.000000 32415.000000 32080.000000 24693.000000 24530.000000 17380.000000 16004.000000 35631.000000 31376.000000 16926.000000 22563.000000 26821.000000 30923.000000 
36066.000000 31901.000000 29133.000000 45818.000000 39564.000000 36771.000000 27981.000000 28686.000000 22167.000000 21248.000000 34543.000000 32295.000000 26011.000000 25184.000000 34141.000000 43730.000000 
41178.000000 42795.000000 29283.000000 42955.000000 45941.000000 36269.000000 31375.000000 31997.000000 15919.000000 23362.000000 41061.000000 36295.000000 28432.000000 29857.000000 36502.000000 40214.000000 
53241.000000 55094.000000 36579.000000 45650.000000 45582.000000 44999.000000 38159.000000 43567.000000 26908.000000 30059.000000 50108.000000 44671.000000 35404.000000 40146.000000 39457.000000 49016.000000 
46898.000000 44802.000000 32156.000000 43136.000000 47070.000000 44004.000000 31218.000000 36034.000000 19943.000000 30803.000000 43692.000000 40611.000000 33857.000000 34562.000000 36951.000000 51164.000000 
41911.000000 41187.000000 37199.000000 42598.000000 38301.000000 37236.000000 31639.000000 33044.000000 22591.000000 23849.000000 40028.000000 41737.000000 30415.000000 33974.000000 30315.000000 42050.000000 
41993.000000 49415.000000 34551.000000 41666.000000 46018.000000 54571.000000 37681.000000 38845.000000 17170.000000 32058.000000 51758.000000 37252.000000 31590.000000 35842.000000 39875.000000 47449.000000 
42821.000000 49911.000000 30957.000000 39943.000000 38588.000000 42108.000000 33853.000000 35005.000000 28052.000000 24859.000000 46045.000000 41433.000000 31728.000000 34637.000000 37137.000000 42312.000000 
37307.000000 39832.000000 30297.000000 42767.000000 44158.000000 41924.000000 32907.000000 34769.000000 23653.000000 23332.000000 40453.000000 38259.000000 25136.000000 29445.000000 36031.000000 42310.000000 
25286.000000 28259.000000 16472.000000 27728.000000 20228.000000 22864.000000 21828.000000 20941.000000 9803.000000 16336.000000 29231.000000 19075.000000 22779.000000 21534.000000 16989.000000 23162.000000 
32971.000000 37410.000000 25354.000000 34239.000000 36949.000000 36074.000000 29898.000000 29908.000000 21415.000000 22428.000000 38367.000000 35399.000000 25293.000000 27925.000000 27953.000000 34460.000000 
26285.000000 22763.000000 21761.000000 27824.000000 26657.000000 24269.000000 18199.000000 22193.000000 14861.000000 18261.000000 25370.000000 21100.000000 14612.000000 20863.000000 21267.000000 29354.000000 
34350.000000 41808.000000 32946.000000 35307.000000 32691.000000 35670.000000 30605.000000 33691.000000 19857.000000 23266.000000 42926.000000 27791.000000 18271.000000 28001.000000 26939.000000 35813.000000 
48360.000000 55052.000000 39118.000000 45254.000000 48501.000000 50378.000000 39644.000000 41488.000000 25424.000000 30884.000000 57061.000000 45524.000000 33852.000000 38848.000000 39784.000000 48147.000000 
49894.000000 45345.000000 45333.000000 50962.000000 50093.000000 49451.000000 39382.000000 34710.000000 27646.000000 33671.000000 54305.000000 45394.000000 32344.000000 42639.000000 38608.000000 55114.000000 
