29016.0 31680.0 22050.0 39910.0 39608.0 37776.0 30047.0 26399.0 14490.0 21165.0 35888.0 30717.0 26022.0 24455.0 29613.0 35816.0 
30045.0 32050.0 33268.0 29308.0 32415.0 32080.0 24693.0 24530.0 17380.0 16004.0 35631.0 31376.0 16926.0 22563.0 26821.0 30923.0 
36066.0 31901.0 29133.0 45818.0 39564.0 36771.0 27981.0 28686.0 22167.0 21248.0 34543.0 32295.0 26011.0 25184.0 34141.0 43730.0 
41178.0 42795.0 29283.0 42955.0 45941.0 36269.0 31375.0 31997.0 15919.0 23362.0 41061.0 36295.0 28432.0 29857.0 36502.0 40214.0 
53241.0 55094.0 36579.0 45650.0 45582.0 44999.0 38159.0 43567.0 26908.0 30059.0 50108.0 44671.0 35404.0 40146.0 39457.0 49016.0 
46898.0 44802.0 32156.0 43136.0 47070.0 44004.0 31218.0 36034.0 19943.0 30803.0 43692.0 40611.0 33857.0 34562.0 36951.0 51164.0 
41911.0 41187.0 37199.0 42598.0 38301.0 37236.0 31639.0 33044.0 22591.0 23849.0 40028.0 41737.0 30415.0 33974.0 30315.0 42050.0 
41993.0 49415.0 34551.0 41666.0 46018.0 54571.0 37681.0 38845.0 17170.0 32058.0 51758.0 37252.0 31590.0 35842.0 39875.0 47449.0 
42821.0 49911.0 30957.0 39943.0 38588.0 42108.0 33853.0 35005.0 28052.0 24859.0 46045.0 41433.0 31728.0 34637.0 37137.0 42312.0 
37307.0 39832.0 30297.0 42767.0 44158.0 41924.0 32907.0 34769.0 23653.0 23332.0 40453.0 38259.0 25136.0 29445.0 36031.0 42310.0 
25286.0 28259.0 16472.0 27728.0 20228.0 22864.0 21828.0 20941.0 9803.0 16336.0 29231.0 19075.0 22779.0 21534.0 16989.0 23162.0 
32971.0 37410.0 25354.0 34239.0 36949.0 36074.0 29898.0 29908.0 21415.0 22428.0 38367.0 35399.0 25293.0 27925.0 27953.0 34460.0 
26285.0 22763.0 21761.0 27824.0 26657.0 24269.0 18199.0 22193.0 14861.0 18261.0 25370.0 21100.0 14612.0 20863.0 21267.0 29354.0 
34350.0 41808.0 32946.0 35307.0 32691.0 35670.0 30605.0 33691.0 19857.0 23266.0 42926.0 27791.0 18271.0 28001.0 26939.0 35813.0 
48360.0 55052.0 39118.0 45254.0 48501.0 50378.0 39644.0 41488.0 25424.0 30884.0 57061.0 45524.0 33852.0 38848.0 39784.0 48147.0 
49894.0 45345.0 45333.0 50962.0 50093.0 49451.0 39382.0 34710.0 27646.0 33671.0 54305.0 45394.0 32344.0 42639.0 38608.0 55114.0 
