6.0 49.0 46.0 30.0 74.0 75.0 32.0 26.0 6.0 5.0 78.0 73.0 8.0 25.0 62.0 12.0 
33.0 36.0 0.0 76.0 31.0 39.0 80.0 0.0 12.0 26.0 72.0 29.0 85.0 52.0 10.0 44.0 
54.0 8.0 26.0 80.0 83.0 58.0 6.0 41.0 15.0 36.0 14.0 24.0 14.0 28.0 88.0 99.0 
65.0 89.0 76.0 48.0 80.0 56.0 49.0 44.0 34.0 21.0 73.0 72.0 25.0 35.0 68.0 79.0 
95.0 94.0 60.0 30.0 5.0 18.0 71.0 20.0 7.0 37.0 96.0 21.0 66.0 85.0 20.0 31.0 
26.0 96.0 31.0 6.0 5.0 80.0 3.0 91.0 1.0 28.0 63.0 27.0 16.0 31.0 58.0 11.0 
78.0 70.0 42.0 83.0 89.0 13.0 3.0 96.0 51.0 52.0 69.0 69.0 37.0 41.0 52.0 63.0 
38.0 83.0 21.0 95.0 64.0 24.0 86.0 65.0 5.0 2.0 44.0 21.0 33.0 3.0 32.0 11.0 
73.0 74.0 46.0 14.0 40.0 50.0 62.0 43.0 2.0 31.0 12.0 91.0 73.0 64.0 6.0 63.0 
47.0 79.0 10.0 11.0 56.0 96.0 29.0 61.0 50.0 25.0 82.0 36.0 28.0 14.0 99.0 54.0 
41.0 46.0 68.0 33.0 96.0 83.0 76.0 50.0 14.0 88.0 93.0 39.0 4.0 51.0 2.0 51.0 
30.0 12.0 15.0 86.0 61.0 96.0 47.0 11.0 21.0 81.0 47.0 2.0 48.0 47.0 56.0 89.0 
93.0 76.0 22.0 41.0 59.0 50.0 43.0 26.0 38.0 36.0 65.0 94.0 87.0 68.0 45.0 69.0 
32.0 12.0 56.0 93.0 8.0 55.0 57.0 30.0 89.0 4.0 32.0 37.0 3.0 40.0 26.0 96.0 
68.0 0.0 89.0 80.0 50.0 32.0 6.0 40.0 20.0 23.0 34.0 59.0 43.0 31.0 29.0 76.0 
44.0 37.0 69.0 52.0 44.0 26.0 34.0 33.0 83.0 18.0 22.0 86.0 10.0 48.0 35.0 31.0 
